1 4
9 4
10 6
11 4
19 4
38 6
39 4
74 6
75 4
103 4
111 4
170 4
179 4
203 8
204 4
204 6
205 4
206 4
209 6
210 4
218 4
240 4
245 6
246 4
260 4
260 6
261 4
262 4
280 8
281 6
282 4
336 4
337 4
359 4
365 6
366 4
386 4
401 6
402 4
426 6
427 4
433 4
434 4
446 12
447 4
447 10
448 8
449 6
450 4
453 4
474 4
490 4
497 4
532 4
544 8
545 6
546 4
551 4
624 6
625 4
634 4
677 4
708 4
724 4
729 4
746 6
747 4
751 6
752 4
782 4
789 4
798 4
812 4
852 6
853 4
859 4
879 6
880 4
893 4
895 4
899 4